Create initial parsimony tree by phylogenetic likelihood library (PLL)... 0.013 seconds
NOTE: ModelFinder requires 36 MB RAM!
ModelFinder will test 286 DNA models (sample size: 1144) ...
 No. Model         -LnL         df  AIC          AICc         BIC
  1  JC            23050.232    243 46586.465    46718.225    47811.740
  2  JC+I          22897.815    244 46283.629    46416.622    47513.947
  3  JC+G4         21975.239    244 44438.478    44571.470    45668.796
  4  JC+I+G4       21975.754    245 44441.508    44575.740    45676.868
  5  JC+R2         22016.280    245 44522.561    44656.792    45757.921
  6  JC+R3         21955.189    247 44404.379    44541.111    45649.823
  7  JC+R4         21950.205    249 44398.410    44537.672    45653.939
 14  F81+F         22991.519    246 46475.038    46610.516    47715.440
 15  F81+F+I       22828.876    247 46151.752    46288.484    47397.197
 16  F81+F+G4      21777.873    247 44049.747    44186.479    45295.191
 17  F81+F+I+G4    21777.959    248 44051.918    44189.912    45302.405
 18  F81+F+R2      21831.548    248 44159.097    44297.090    45409.584
 19  F81+F+R3      21766.211    250 44032.423    44172.960    45292.995
 20  F81+F+R4      21756.300    252 44016.601    44159.712    45287.257
 21  F81+F+R5      21753.767    254 44015.534    44161.248    45296.275
 27  K2P           22671.730    244 45831.461    45964.453    47061.779
 28  K2P+I         22514.743    245 45519.486    45653.717    46754.846
 29  K2P+G4        21560.769    245 43611.537    43745.769    44846.897
 30  K2P+I+G4      21560.989    246 43613.978    43749.456    44854.380
 31  K2P+R2        21611.030    246 43714.061    43849.539    44954.463
 32  K2P+R3        21543.479    248 43582.959    43720.952    44833.446
 33  K2P+R4        21536.695    250 43573.391    43713.928    44833.962
 40  HKY+F         22510.808    247 45515.617    45652.349    46761.062
 41  HKY+F+I       22337.298    248 45170.596    45308.589    46421.083
 42  HKY+F+G4      21198.930    248 42893.860    43031.853    44144.346
 43  HKY+F+I+G4    21198.916    249 42895.833    43035.095    44151.362
 44  HKY+F+R2      21276.586    249 43051.172    43190.434    44306.701
 45  HKY+F+R3      21196.058    251 42894.116    43035.936    44159.730
 46  HKY+F+R4      21182.693    253 42871.386    43015.795    44147.084
 47  HKY+F+R5      21177.049    255 42864.097    43011.124    44149.880
 53  TNe           22598.891    245 45687.781    45822.013    46923.141
 54  TNe+I         22447.615    246 45387.230    45522.709    46627.633
 55  TNe+G4        21501.608    246 43495.216    43630.694    44735.618
 56  TNe+I+G4      21501.696    247 43497.393    43634.125    44742.837
 57  TNe+R2        21549.721    247 43593.441    43730.173    44838.886
 58  TNe+R3        21488.069    249 43474.137    43613.399    44729.666
 59  TNe+R4        21479.960    251 43461.921    43603.741    44727.534
 60  TNe+R5        21476.399    253 43458.798    43603.207    44734.496
 66  TN+F          22433.453    248 45362.905    45500.899    46613.392
 67  TN+F+I        22266.474    249 45030.948    45170.210    46286.477
 68  TN+F+G4       21135.742    249 42769.484    42908.746    44025.013
 69  TN+F+I+G4     21135.676    250 42771.351    42911.889    44031.923
 70  TN+F+R2       21211.747    250 42923.495    43064.032    44184.066
 71  TN+F+R3       21138.363    252 42780.726    42923.837    44051.382
 72  TN+F+R4       21124.774    254 42757.547    42903.262    44038.288
 73  TN+F+R5       21116.165    256 42744.330    42892.677    44035.155
 74  TN+F+R6       21108.998    258 42733.997    42885.007    44034.907
 75  TN+F+R7       21107.678    260 42735.356    42889.059    44046.351
 79  K3P           22600.986    245 45691.971    45826.203    46927.331
 80  K3P+I         22443.671    246 45379.343    45514.821    46619.745
 81  K3P+G4        21498.656    246 43489.312    43624.791    44729.715
 82  K3P+I+G4      21498.712    247 43491.424    43628.156    44736.869
 83  K3P+R2        21548.413    247 43590.826    43727.558    44836.270
 84  K3P+R3        21481.504    249 43461.008    43600.269    44716.537
 85  K3P+R4        21475.230    251 43452.459    43594.280    44718.073
 92  K3Pu+F        22483.939    248 45463.878    45601.871    46714.365
 93  K3Pu+F+I      22311.389    249 45120.778    45260.039    46376.307
 94  K3Pu+F+G4     21189.689    249 42877.377    43016.639    44132.906
 95  K3Pu+F+I+G4   21189.627    250 42879.255    43019.792    44139.826
 96  K3Pu+F+R2     21265.371    250 43030.742    43171.280    44291.314
 97  K3Pu+F+R3     21186.055    252 42876.109    43019.221    44146.766
 98  K3Pu+F+R4     21174.384    254 42856.768    43002.483    44137.509
 99  K3Pu+F+R5     21168.561    256 42849.122    42997.469    44139.947
105  TPM2+F        22494.743    248 45485.487    45623.480    46735.974
106  TPM2+F+I      22322.681    249 45143.361    45282.623    46398.891
107  TPM2+F+G4     21198.011    249 42894.022    43033.284    44149.552
108  TPM2+F+I+G4   21197.980    250 42895.961    43036.498    44156.532
109  TPM2+F+R2     21275.310    250 43050.621    43191.158    44311.192
110  TPM2+F+R3     21195.270    252 42894.539    43037.651    44165.196
111  TPM2+F+R4     21183.248    254 42874.496    43020.211    44155.237
112  TPM2+F+R5     21177.310    256 42866.621    43014.968    44157.446
118  TPM2u+F       22494.740    248 45485.479    45623.472    46735.966
119  TPM2u+F+I     22322.680    249 45143.361    45282.622    46398.890
120  TPM2u+F+G4    21198.012    249 42894.025    43033.287    44149.554
121  TPM2u+F+I+G4  21197.980    250 42895.960    43036.498    44156.532
122  TPM2u+F+R2    21275.311    250 43050.622    43191.160    44311.194
123  TPM2u+F+R3    21195.270    252 42894.540    43037.651    44165.196
124  TPM2u+F+R4    21183.205    254 42874.410    43020.124    44155.150
125  TPM2u+F+R5    21177.283    256 42866.567    43014.914    44157.392
131  TPM3+F        22453.402    248 45402.803    45540.796    46653.290
132  TPM3+F+I      22282.007    249 45062.015    45201.276    46317.544
133  TPM3+F+G4     21178.238    249 42854.475    42993.737    44110.005
134  TPM3+F+I+G4   21178.208    250 42856.417    42996.954    44116.988
135  TPM3+F+R2     21250.444    250 43000.889    43141.426    44261.460
136  TPM3+F+R3     21173.510    252 42851.020    42994.131    44121.676
137  TPM3+F+R4     21162.335    254 42832.669    42978.384    44113.410
138  TPM3+F+R5     21156.719    256 42825.439    42973.786    44116.264
144  TPM3u+F       22453.383    248 45402.766    45540.759    46653.253
145  TPM3u+F+I     22282.007    249 45062.015    45201.276    46317.544
146  TPM3u+F+G4    21178.240    249 42854.479    42993.741    44110.008
147  TPM3u+F+I+G4  21178.210    250 42856.419    42996.957    44116.991
148  TPM3u+F+R2    21250.444    250 43000.888    43141.425    44261.459
149  TPM3u+F+R3    21173.501    252 42851.003    42994.114    44121.659
150  TPM3u+F+R4    21162.325    254 42832.649    42978.363    44113.390
151  TPM3u+F+R5    21156.708    256 42825.417    42973.764    44116.242
157  TIMe          22528.043    246 45548.086    45683.564    46788.488
158  TIMe+I        22376.519    247 45247.038    45383.771    46492.483
159  TIMe+G4       21439.875    247 43373.749    43510.481    44619.194
160  TIMe+I+G4     21439.886    248 43375.773    43513.766    44626.260
161  TIMe+R2       21487.345    248 43470.689    43608.683    44721.176
162  TIMe+R3       21426.284    250 43352.568    43493.105    44613.139
163  TIMe+R4       21419.718    252 43343.437    43486.548    44614.093
170  TIM+F         22406.786    249 45311.572    45450.833    46567.101
171  TIM+F+I       22240.824    250 44981.648    45122.186    46242.220
172  TIM+F+G4      21126.738    250 42753.476    42894.013    44014.047
173  TIM+F+I+G4    21126.654    251 42755.309    42897.129    44020.923
174  TIM+F+R2      21200.804    251 42903.608    43045.428    44169.221
175  TIM+F+R3      21128.477    253 42762.954    42907.363    44038.653
176  TIM+F+R4      21117.162    255 42744.325    42891.352    44030.108
177  TIM+F+R5      21107.092    257 42728.183    42877.858    44024.051
178  TIM+F+R6      21099.975    259 42717.951    42870.304    44023.903
179  TIM+F+R7      21098.675    261 42719.349    42874.411    44035.386
183  TIM2e         22523.665    246 45539.331    45674.809    46779.733
184  TIM2e+I       22374.401    247 45242.803    45379.535    46488.248
185  TIM2e+G4      21445.543    247 43385.086    43521.818    44630.531
186  TIM2e+I+G4    21445.505    248 43387.010    43525.003    44637.497
187  TIM2e+R2      21500.434    248 43496.869    43634.862    44747.356
188  TIM2e+R3      21434.846    250 43369.692    43510.230    44630.264
189  TIM2e+R4      21428.489    252 43360.979    43504.090    44631.635
196  TIM2+F        22418.395    249 45334.789    45474.051    46590.318
197  TIM2+F+I      22252.897    250 45005.794    45146.331    46266.365
198  TIM2+F+G4     21134.509    250 42769.018    42909.555    44029.589
199  TIM2+F+I+G4   21134.388    251 42770.777    42912.598    44036.391
200  TIM2+F+R2     21211.233    251 42924.467    43066.287    44190.080
201  TIM2+F+R3     21137.361    253 42780.722    42925.131    44056.420
202  TIM2+F+R4     21125.875    255 42761.750    42908.777    44047.533
203  TIM2+F+R5     21115.300    257 42744.600    42894.275    44040.468
204  TIM2+F+R6     21107.843    259 42733.685    42886.038    44039.637
205  TIM2+F+R7     21106.454    261 42734.907    42889.969    44050.944
209  TIM3e         22453.339    246 45398.678    45534.156    46639.080
210  TIM3e+I       22307.456    247 45108.913    45245.645    46354.357
211  TIM3e+G4      21403.303    247 43300.606    43437.338    44546.050
212  TIM3e+I+G4    21403.268    248 43302.536    43440.530    44553.023
213  TIM3e+R2      21450.524    248 43397.047    43535.040    44647.534
214  TIM3e+R3      21391.060    250 43282.121    43422.658    44542.692
215  TIM3e+R4      21384.560    252 43273.120    43416.231    44543.776
222  TIM3+F        22373.115    249 45244.230    45383.492    46499.760
223  TIM3+F+I      22208.305    250 44916.610    45057.147    46177.181
224  TIM3+F+G4     21115.233    250 42730.467    42871.004    43991.039
225  TIM3+F+I+G4   21115.122    251 42732.245    42874.066    43997.859
226  TIM3+F+R2     21186.789    251 42875.577    43017.398    44141.191
227  TIM3+F+R3     21115.066    253 42736.132    42880.541    44011.830
228  TIM3+F+R4     21105.051    255 42720.101    42867.128    44005.884
229  TIM3+F+R5     21094.826    257 42703.651    42853.326    43999.519
230  TIM3+F+R6     21088.335    259 42694.669    42847.022    44000.622
235  TVMe          22442.234    247 45378.469    45515.201    46623.914
236  TVMe+I        22292.145    248 45080.289    45218.283    46330.776
237  TVMe+G4       21394.688    248 43285.375    43423.369    44535.862
238  TVMe+I+G4     21394.659    249 43287.319    43426.580    44542.848
239  TVMe+R2       21450.594    249 43399.188    43538.450    44654.718
240  TVMe+R3       21382.487    251 43266.974    43408.794    44532.587
241  TVMe+R4       21376.885    253 43259.769    43404.178    44535.468
248  TVM+F         22436.420    250 45372.839    45513.377    46633.411
249  TVM+F+I       22266.511    251 45035.022    45176.843    46300.636
250  TVM+F+G4      21175.703    251 42853.406    42995.227    44119.020
251  TVM+F+I+G4    21175.609    252 42855.217    42998.328    44125.873
252  TVM+F+R2      21249.123    252 43002.247    43145.358    44272.903
253  TVM+F+R3      21170.927    254 42849.853    42995.567    44130.594
254  TVM+F+R4      21162.177    256 42836.355    42984.702    44127.180
255  TVM+F+R5      21154.270    258 42824.540    42975.550    44125.450
256  TVM+F+R6      21149.821    260 42819.643    42973.346    44130.637
261  SYM           22367.716    248 45231.432    45369.425    46481.919
262  SYM+I         22223.318    249 44944.636    45083.898    46200.165
263  SYM+G4        21334.444    249 43166.888    43306.150    44422.418
264  SYM+I+G4      21334.400    250 43168.799    43309.337    44429.371
265  SYM+R2        21386.933    250 43273.866    43414.403    44534.437
266  SYM+R3        21324.441    252 43152.882    43295.994    44423.539
267  SYM+R4        21319.263    254 43146.526    43292.240    44427.266
274  GTR+F         22357.213    251 45216.425    45358.246    46482.039
275  GTR+F+I       22193.891    252 44891.782    45034.893    46162.438
276  GTR+F+G4      21112.420    252 42728.840    42871.951    43999.496
277  GTR+F+I+G4    21112.293    253 42730.585    42874.994    44006.284
278  GTR+F+R2      21184.598    253 42875.197    43019.606    44150.895
279  GTR+F+R3      21112.355    255 42734.711    42881.738    44020.494
280  GTR+F+R4      21104.321    257 42722.642    42872.316    44018.509
281  GTR+F+R5      21092.195    259 42702.389    42854.742    44008.341
282  GTR+F+R6      21085.493    261 42692.985    42848.047    44009.022
Akaike Information Criterion:           GTR+F+R6
Corrected Akaike Information Criterion: TIM3+F+R6
Bayesian Information Criterion:         TIM3+F+G4
Best-fit model: TIM3+F+G4 chosen according to BIC

All model information printed to protine.afa.model.gz
CPU time for ModelFinder: 123.333 seconds (0h:2m:3s)
Wall-clock time for ModelFinder: 62.005 seconds (0h:1m:2s)

NOTE: 14 MB RAM (0 GB) is required!
Estimate model parameters (epsilon = 0.010)
1. Initial log-likelihood: -21813.173
2. Current log-likelihood: -21127.449
3. Current log-likelihood: -21115.854
4. Current log-likelihood: -21115.207
5. Current log-likelihood: -21115.116
6. Current log-likelihood: -21115.098
Optimal log-likelihood: -21115.089
Rate parameters:  A-C: 1.57925  A-G: 3.29546  A-T: 1.00000  C-G: 1.57925  C-T: 6.19000  G-T: 1.00000
Base frequencies:  A: 0.179  C: 0.306  G: 0.335  T: 0.180
Gamma shape alpha: 0.730
Parameters optimization took 6 rounds (0.567 sec)
BEST SCORE FOUND : -21115.089
Total tree length: 20.893

Total number of iterations: 0
CPU time used for tree search: 0.000 sec (0h:0m:0s)
Wall-clock time used for tree search: 0.000 sec (0h:0m:0s)
Total CPU time used: 1.141 sec (0h:0m:1s)
Total wall-clock time used: 0.582 sec (0h:0m:0s)

Analysis results written to:
  IQ-TREE report:                protine.afa.iqtree
  Tree used for ModelFinder:     protine.afa.treefile
  Screen log file:               protine.afa.log

Date and Time: Wed Feb 23 11:00:05 2022
